100
-21884 -221372 -254916 89276 185725 -263400 260096 216758 -343899 -467804 265398 -410790 256643 -111825 261850 285663 445782 157243 -241938 -466063 21161 91138 41136 -113227 -229604 81515 -390615 55388 267169 170133 385963 -32016 -373660 179638 68757 -134873 254691 470023 462091 -848 -236539 199547 -226506 292300 -309233 -147320 442589 209851 -253329 -362418 -281846 346282 195268 247118 -180384 -148867 120432 249496 190695 -429557 -90681 -13703 33827 201741 -197344 -38419 11268 221614 242424 -422734 -201404 318677 -108466 83739 97787 -214115 -2412 408321 -241700 -483334 122111 397538 -328852 478865 428414 190549 -36804 418856 -444748 -365114 -252098 430638 -212844 -276536 -226283 242873 154614 -96998 398578 -470049

280993 -136616 -74779 -446037 232274 120761 103287 372894 -252708 343705 15188 145997 -83143 -149880 -67392 41477 305801 480116 -356777 90501 -94547 473365 478012 -112692 -218909 -138835 1870 311801 19326 -272794 417827 406039 39555 263587 236856 367055 -169801 -132939 456366 -337332 -227335 -433181 -31784 -34590 -357633 93932 468728 -253609 258390 75017 -233268 384667 -311822 455679 326801 -130913 68984 341307 470832 -232131 221611 -443717 -77774 100361 -336822 -202923 229416 -51179 22297 153476 -139227 -426694 159283 -269142 379677 94673 467410 -407250 367140 -98776 51533 -466324 -88043 91623 -243945 426339 -310744 110906 52185 391251 -143092 -371098 -122063 99206 -84700 -169680 -103203 -426353 70873 -436578

-77517 117661 -6323 270093 28135 359289 233772 -1409 -240469 308486 380245 -285463 -267227 469891 -104775 418375 470799 -458345 -187371 -388208 246971 -115404 -259461 294108 7939 -175872 134884 377329 -223207 333256 431819 -20261 366085 225526 319448 -323444 144614 -87040 200327 -203304 305906 148294 115985 -71695 -480158 -37572 -472169 -15710 407151 333052 -261445 -80516 173217 -475693 -51732 -191381 317136 -476061 419692 -12186 225381 436773 174630 -175116 21974 33523 304744 176102 -248208 -280008 -356590 -347985 251368 47573 -266543 -43508 -393379 217340 150655 150768 74167 -468082 124976 -231477 325003 -443879 336114 200200 477004 20566 483095 -281429 -206265 -56463 -167054 312387 -78527 286105 -6964 202429

500
6419 361449 479026 -57539 287559 40783 -192479 406959 -339030 295066 -105283 -247464 398458 330846 17788 -464828 88154 -337904 -257274 203991 -183363 -145281 -122448 -212029 -378530 66276 -118927 -118675 216795 -206589 -260668 214561 80206 92213 -240307 356066 -358939 145702 378015 -84426 -409396 479315 -298172 -3441 -284921 243620 -322285 99643 -460205 -2057 -253322 387902 160689 224230 429604 475402 341902 364906 -38352 316908 -410660 481138 -72473 -268978 -419645 280220 250702 115904 -319749 55833 -467617 426442 -390382 247710 -267503 107727 83221 -69368 -391869 -355343 24956 -269104 -383982 85320 13225 36651 292957 5235 -385995 13037 -132781 180914 -247745 50329 -34987 -326878 460114 -323403 -356517 311717 195184 303375 408747 -156770 -312183 -340 341201 -137467 415013 -418704 -270657 345931 -267628 -59694 -454262 127499 111811 288989 340180 -457579 295449 324062 -116989 -314428 -212840 190056 -176725 182847 188132 -125064 -376366 -66205 121579 -188351 -101790 -306020 391780 -298786 430925 -18925 61329 387288 -226371 -385729 206630 285097 -125430 479073 164184 -11041 279115 13847 386943 -343296 234520 -375425 88289 -305651 -456595 152337 -401954 -483647 9772 -120089 -277135 286425 -294854 -277524 57547 264555 152381 -289142 -370132 -256925 215937 -255391 219884 -164187 -183287 9541 -425777 -465481 140352 61609 -472700 -106581 -120352 458111 101209 56289 278836 363240 265068 300778 -473121 -354408 471847 293771 444340 -350611 293411 282259 -369364 -44906 55106 -181422 -253897 -51082 249608 89000 326192 -413089 441767 98490 181567 46672 283218 30213 -37271 -156841 -412940 7753 171455 173201 140939 -349480 -223546 -33200 -91259 -431132 -203607 411128 -53936 -305705 305624 436462 447948 -363791 -48508 345076 -337881 -180147 -105385 -313173 -36881 -410888 -286968 -444693 -69849 417288 -6461 204511 273378 -360321 161714 -411317 167760 131832 349230 101359 178732 -43127 292617 195804 -459368 48089 -195005 250475 301587 -70664 -359814 98646 163161 399301 -381201 129360 89126 179164 230175 -145372 439914 141665 110876 63416 271492 -242826 -118775 -308126 50807 232790 -436420 -358072 193216 -96309 361404 -112556 47075 274670 -466860 170751 37012 -435238 254687 27028 -358329 97471 -179832 -164468 200051 -191375 106760 -148474 -23090 22032 -309726 154113 357124 359125 354480 -364740 212352 281504 -444739 469419 58941 462008 341855 -413280 121677 -82736 354619 -6884 368494 -470183 259121 259660 -255444 237054 416575 424285 410200 -303940 307737 -106917 233312 -102773 -299245 236938 289902 -418245 240416 -74379 -102853 -426757 -137270 -46585 23357 113775 281234 -156569 480038 -112197 389878 70145 -385501 152339 157331 -115495 420137 -440240 338918 409192 -114399 -110851 218168 380522 24963 -300077 110097 -395211 -370246 319328 -195878 -470395 440890 -383788 -74078 384661 -397534 357023 407858 455352 171515 -340963 45156 159278 386222 -221815 -342749 213572 221475 -268557 -391161 337360 -347626 179696 116632 -112558 371331 187076 259472 -382019 383363 275268 -300800 -332370 -414015 -251797 -276469 -294598 -54008 -359579 -173573 -427534 303817 368043 -444112 -78619 462757 136545 273971 367611 -197044 219238 357374 -61911 392557 -379087 160067 -196357 -345096 -352525 471507 -88143 -191903 41323 -72692 -92518 -149536 328485 -340499 351927 423027 -86930 -287438 -232989 477617 -243628 38441 -282903 390119 263271 334169 -181803 -158515 -251752 326446 465957 8206 -144469 -331636 -26673 -234518 -427736 303213 455364 -441785 112948 225253 -153636 403421 -321745 -52941 -482029 155624 154723 313439 -51951 -355064 207453 305363 -428113 362778 -193034 138059 326588 -247749 -190655 -66266 -260896

-389073 -37115 -272876 -14881 169557 226017 -118451 -132958 -208717 124613 -242455 -240408 108723 90807 396261 -48939 68005 -34867 20301 -467327 -441517 8859 19840 335064 -19902 -70740 441658 -309446 -320205 -359807 -129169 -181699 -388374 -308525 116814 -53764 88060 -78232 290236 361191 -56496 85693 -454751 -14339 270660 126916 -476679 -227516 -329552 315797 -262126 -175966 230174 -16875 -235217 144412 277556 -24446 -76178 -75282 76537 99132 -350617 -151615 -357829 3685 467750 -200929 156049 -119729 60303 -310035 191324 420225 -40059 -78122 -44714 413013 49347 143149 -62789 -302127 453118 476125 -223519 -172510 -324460 -441314 459834 227423 266536 -203143 -225367 -8168 245568 -345207 418776 101101 225805 -60373 334672 -274293 -469833 417324 466923 -406936 -119205 -466213 -455468 -352616 -207775 448637 405266 394600 286658 -73093 371175 250410 454944 -479485 215745 19452 -18063 -436909 454018 342407 272874 -42200 -413417 -50600 138169 -40551 -23640 90690 -114098 -123413 212522 -201078 -262441 -81917 -352827 264868 423490 -352756 279124 -412725 292841 -18529 -104860 -121445 433563 442960 -436658 167388 -37473 219502 278352 -236995 345814 -66981 210636 -45941 -20601 301124 -17882 -355032 42215 -342304 440830 386544 -13870 -419594 21388 438858 452441 147958 -151201 -398241 -227962 -416547 242536 82300 -115595 -286725 -10347 -120724 318492 -320265 304017 -87724 162189 192637 -233635 228387 387098 -129172 458880 -350911 147382 213005 270621 -51675 -64770 69632 -364008 377639 437878 333888 -462827 4784 -108597 -245092 181820 -370523 413593 -396401 -141300 428762 278644 475362 306472 386144 -7681 -423343 467900 469259 173844 423814 58654 -170406 214724 447156 -333544 -132001 36103 190296 443593 337028 58791 303246 -417696 -274822 -271047 -260770 -213996 165901 -415765 -402601 137627 106322 -347389 -325949 -136672 76546 90612 -98523 266404 -51496 -436702 -91016 -191570 -149203 107803 231380 328267 193152 -378819 37917 346674 -431125 405093 -436761 328786 -52889 -320137 401760 -234797 318518 19662 319914 449416 -419600 332991 -257316 341136 -430345 319936 434364 -275198 -301905 101472 -144360 305913 183578 135789 357139 -374361 85602 340958 -138451 -435698 119287 -208980 -451331 -28512 -348971 142729 408296 -183426 403471 -405174 285998 -270846 -16584 -416774 -406517 224288 -452007 301798 -136046 180929 -293120 414414 -409864 414209 -38425 -154309 372301 -379687 117487 -2966 -330384 -196891 163168 -219230 -33181 148313 -38294 -125701 -364355 -90192 -317816 60574 476093 -298663 476063 184189 -167263 -446148 423510 319573 182184 210898 -113642 364302 309213 245325 346133 -175962 -250438 157983 -297824 247226 -309981 -364080 326920 210318 385589 142578 236559 -157573 -345642 129619 -291107 125086 -255238 240765 -223756 310245 142616 303197 -456495 -17487 -419169 110706 478936 280561 -294448 383917 -235117 150359 136715 121944 86619 464426 124110 48249 -168712 24517 457773 -50588 371917 453624 342728 -49674 172533 113809 -8945 -454863 37868 -344799 371880 26741 355243 24204 221680 359325 336273 -325836 -358302 256953 -332142 333437 307840 426095 418456 -35440 113936 -137653 -85879 -140608 -467649 202402 31820 -217465 -180396 273217 -344436 -11734 145530 354469 468553 -25934 287863 176432 194717 195750 -259649 -302189 189610 28533 -123720 147118 136295 -358197 69788 121064 342719 -101255 33154 101248 264349 367201 340601 -89237 168129 -403228 126610 171149 -249880 336468 -80455 366440 120770 -474017 149951 -170340 -175129 245885 148373 74403 122481 21544 -102991 222836 426391 191789 -380925 -336380 -402901 -424406 -317022 384987 262120 -141627 -407614 420319 19393 256128 211146

-1115 3646 -988 -2305 -1976 2425 2713 1913 -2194 -216 -1173 -2448 421 -980 3145 1795 -2810 -1658 -779 -3581 -218 2157 2811 491 1944 -2514 2717 -1363 1227 3165 3163 1432 1564 618 -513 1724 -118 -1574 15 3391 -756 2884 -611 -1304 2044 1637 2027 -1265 940 -3607 1138 -325 1317 -3440 3130 1583 -2793 -1813 -573 -2428 945 -1763 3525 -538 -2461 759 1130 -2097 -1093 2396 1726 -1650 -791 -2123 -3286 -1342 2476 2338 623 797 3499 -3101 3083 -561 -612 1672 -2396 -1078 1482 -3018 -415 2182 1055 -3180 3564 -2047 2166 -3069 1306 -2834 -731 1459 -2130 -1612 -1586 1090 3249 3234 -1897 -3400 447 26 522 1880 -982 -59 -3120 1051 -1695 2632 48 -2383 856 3144 2590 -1834 3092 2155 -1942 2593 3361 314 -976 -2832 -2497 465 2114 2631 -1696 -1845 -1571 -1605 2488 -2922 -2300 3117 2322 -2946 -3555 3371 410 -1749 3579 3301 541 -2592 2288 -3287 3503 -1377 -1211 213 -1598 1653 2657 -1284 777 3235 1788 598 1659 1793 1139 2828 892 -1884 1097 2766 -1521 21 -1047 3034 3587 2175 -838 -3218 -2847 -2375 77 1120 -1788 267 -2303 -1961 -1552 -700 2640 2457 -972 -856 -1344 2941 -1397 -1124 -2099 2100 3133 -1171 1757 708 72 -3133 -1306 -3482 -483 -107 -53 -2430 468 2668 -3024 1747 3551 1015 -2155 114 595 1977 -2160 -1402 -903 555 1332 -1006 1922 629 517 -2816 -872 2391 -3103 1937 -3010 1905 -3107 1996 -123 3197 -2337 -2583 1248 1643 3054 -2874 915 -690 229 1526 197 -1861 2819 -3070 1313 -2783 -2309 -1970 -1516 -3509 -1652 -2382 2236 767 1348 1992 776 -2552 1695 217 1211 -3566 -998 -11 -1098 1197 -145 151 2270 -2369 -95 -557 3209 1721 -2612 1314 -2321 2905 -1783 -2619 137 2358 3522 872 -1626 1323 -923 -2939 -1682 1749 282 -477 2823 -248 -1287 2966 3078 -3493 3112 -715 946 345 -2954 -2279 -3126 -2608 537 1856 -2444 -102 1455 2924 -1863 -3477 -101 650 -2296 -3066 -1881 -3384 -2200 1579 216 -3132 3422 -644 -685 377 -1987 -1408 -766 1278 -1297 -1675 -608 -1797 2237 -368 2188 -831 -3178 -2742 1707 1702 263 2768 -1090 -2054 2724 -1624 -2813 2907 -2986 -3595 -3354 -2219 3243 135 1021 3138 -1556 -535 2546 2095 -3293 562 373 -1919 -2631 2230 -1130 -2169 265 -2113 -3106 -3517 1980 -3631 -1410 538 -2397 786 -1804 1829 -3540 -426 1504 3101 1206 1939 -404 2689 -436 -3148 13 -2765 -617 1331 343 1103 -2798 -284 -581 3013 1529 -3306 3292 3047 -2436 -2132 401 -2007 -387 -3214 -719 1844 -776 2141 840 -1720 584 -2134 927 -443 -273 -2916 3058 -2582 -2807 3367 770 -2348 -1643 -2676 2963 -292 394 832 3455 3123 -1466 -91 -3488 1819 -911 2994 -936 2502 -2796 -649 2191 -584 -3083 2519 3146 -186 -3156 -2846 -2605 -1329 -1345 441 -3392 -3346 -2208 -488 -1688 1179 -3321 -507 -1380 -3602 450 2992 3594 -1764 -270 2273 -3086 -1754 1307 -2325
too slow 